2007_000027.jpg 174,101,349,351,14
2007_000032.jpg 104,78,375,183,0 133,88,197,123,0 195,180,213,229,14 26,189,44,238,14
2007_000033.jpg 9,107,499,263,0 325,188,411,223,0 421,200,482,226,0
2007_000121.jpg 251,28,475,267,19 22,28,251,273,19
2007_000123.jpg 1,26,358,340,18
2007_000129.jpg 74,1,272,462,14 251,242,334,500,1 1,144,67,436,1 252,19,334,487,14 1,1,66,363,14 70,202,255,500,1
2007_000170.jpg 87,100,109,165,4 3,91,43,206,14 41,114,73,181,4 426,157,443,195,4 324,148,352,206,4 4,28,461,372,14
2007_000175.jpg 25,34,419,271,16
2007_000241.jpg 356,183,500,280,3 246,134,348,217,3 60,109,142,213,3
2007_000250.jpg 97,124,150,297,4 1,170,474,375,10
2007_000256.jpg 8,96,491,232,0
2007_000272.jpg 25,71,304,500,14
2007_000323.jpg 277,3,500,375,14 12,3,305,375,14
2007_000346.jpg 72,209,111,259,14 137,78,497,375,14 124,107,230,343,4 89,202,129,247,14